%YAML:1.0
---
CameraExtrinsicMat: !!opencv-matrix
   rows: 4
   cols: 4
   dt: d
   data: [ 1., 0., 0., 0., 0., 1., 0., 0., 0., 0., 1., 0., 0., 0., 0.,
       1. ]
CameraMat: !!opencv-matrix
   rows: 3
   cols: 3
   dt: d
   data: [ 8.6036476603574692e+02, 0., 2.9783397767264671e+02, 0.,
       8.5531230825117507e+02, 3.4803762642191725e+02, 0., 0., 1. ]
DistCoeff: !!opencv-matrix
   rows: 5
   cols: 1
   dt: d
   data: [ -1.9177191413683417e-02, 2.4555699642875276e-01,
       1.4680584312685242e-02, -7.5330275179396186e-03,
       -1.7582508439419522e+00 ]
ImageSize: [640, 480]
Reprojection Error: 0.0
DistModel: plumb_bob