%YAML:1.0
---
CameraExtrinsicMat: !!opencv-matrix
   rows: 4
   cols: 4
   dt: d
   data: [  1.0483874883267796e-01, -4.6119140737971720e-01, -8.8108530943508201e-01, -5.7227287292480469e+00,
           -9.9443124979848219e-01, -5.8182952354636774e-02, -8.7870549557439559e-02, -3.7003215402364731e-02,
           -1.0739002161606948e-02,  8.8539100391545289e-01, -4.6472297556518477e-01,  2.3475596904754639e+00,
           0.,                       0.,                      0.,                      1.                    ]
CameraMat: !!opencv-matrix
   rows: 3
   cols: 3
   dt: d
   data: [ 1.0526815585362938e+03, 0., 2.6849938138667767e+02, 0.,
       1.0403057567975313e+03, 2.3913284548103204e+02, 0., 0., 1. ]
DistCoeff: !!opencv-matrix
   rows: 1
   cols: 5
   dt: d
   data: [ -7.0077736038837779e-01, 1.8473881314133764e+00,
       -5.6781078662019886e-03, 1.9686155570160718e-02,
       -8.0596358417184000e+00 ]
ImageSize: [ 640, 480 ]
ReprojectionError: 0
DistModel: plumb_bob
