image: map.pgm
resolution: 0.150000
origin: [-150.000000, -50.000000, 0.000000]
negate: 0
occupied_thresh: 0.65
free_thresh: 0.196

