%YAML:1.0
---
CameraExtrinsicMat: !!opencv-matrix
   rows: 4
   cols: 4
   dt: d
   data: [ 1., 0., 0., 0., 0., 1., 0., 0., 0., 0., 1., 0., 0., 0., 0.,
       1. ]
CameraMat: !!opencv-matrix
   rows: 3
   cols: 3
   dt: d
   data: [ 4.5405574611404199e+02, 0., 2.8983571015904243e+02, 0.,
       4.6398622796251010e+02, 2.5528823317047568e+02, 0., 0., 1. ]
DistCoeff: !!opencv-matrix
   rows: 5
   cols: 1
   dt: d
   data: [ -4.8551536675868368e-01, 3.1428239712087952e-01,
       6.4574939052200724e-04, 1.8703443960347826e-02,
       -1.1855917358406920e-01 ]
ImageSize: [640, 480]
Reprojection Error: 0.0
DistModel: plumb_bob