%YAML:1.0
---
CameraExtrinsicMat: !!opencv-matrix
   rows: 4
   cols: 4
   dt: d
   data: [ 5.2809055987726783e-02, -4.8356825266437253e-02,
       9.9743311608139251e-01, 3.8368352397303901e-01,
       -9.9858914899430284e-01, 3.0041667273519312e-03,
       5.3015907924965466e-02, 3.2660592229469813e-02,
       -5.5601363759598676e-03, -9.9882560661630304e-01,
       -4.8129953781976598e-02, -1.0466875648921208e-01, 0., 0., 0., 1. ]
CameraMat: !!opencv-matrix
   rows: 3
   cols: 3
   dt: d
   data: [ 8.6798799323729213e+02, 0., 3.0870764684471970e+02, 0.,
       9.0221735097014982e+02, 2.3264219710676650e+02, 0., 0., 1. ]
DistCoeff: !!opencv-matrix
   rows: 5
   cols: 1
   dt: d
   data: [ -4.3707910305246878e-01, 5.4627195571718568e-01,
       -9.1399054409479832e-03, 4.1649462202653309e-04,
       -7.1044930798727659e+00 ]
ImageSize: [ 640, 480 ]
ReprojectionError: 1.6731439405306443e+00
