%YAML:1.0
---
CameraExtrinsicMat: !!opencv-matrix
   rows: 4
   cols: 4
   dt: d
   data: [ 5.2809055987726783e-02, -4.8356825266437253e-02,
       9.9743311608139251e-01, 3.8368352397303901e-01,
       -9.9858914899430284e-01, 3.0041667273519312e-03,
       5.3015907924965466e-02, 3.2660592229469813e-02,
       -5.5601363759598676e-03, -9.9882560661630304e-01,
       -4.8129953781976598e-02, -1.0466875648921208e-01, 0., 0., 0., 1. ]
CameraMat: !!opencv-matrix
   rows: 3
   cols: 3
   dt: d
   data: [ 4.5405574611404199e+02, 0., 2.8983571015904243e+02, 0.,
       4.6398622796251010e+02, 2.5528823317047568e+02, 0., 0., 1. ]
DistCoeff: !!opencv-matrix
   rows: 5
   cols: 1
   dt: d
   data: [ -4.8551536675868368e-01, 3.1428239712087952e-01,
       6.4574939052200724e-04, 1.8703443960347826e-02,
       -1.1855917358406920e-01 ]
ImageSize: [ 640, 480 ]
ReprojectionError: 1.6731439405306443e+00
