%YAML:1.0
---
CameraExtrinsicMat: !!opencv-matrix
   rows: 4
   cols: 4
   dt: d
   data: [ -6.9791704778004116e-02, -5.0005847666941272e-02,
       9.9630744910559121e-01, 1.0980443938491426e-01,
       -9.9371531881989206e-01, -8.4134208322255599e-02,
       -7.3832920385606349e-02, -6.8186846940259047e-02,
       8.7515616245672945e-02, -9.9519889981304632e-01,
       -4.3819707028255550e-02, -4.9729899704513143e-02, 0., 0., 0., 1. ]
CameraMat: !!opencv-matrix
   rows: 3
   cols: 3
   dt: d
   data: [ 4.2457032087602386e+02, 0., 3.0339524384033825e+02, 0.,
       4.4201892281625607e+02, 2.0716520242818393e+02, 0., 0., 1. ]
DistCoeff: !!opencv-matrix
   rows: 5
   cols: 1
   dt: d
   data: [ -5.0943103738179263e-01, 4.3379489929204484e-01,
       1.4745815051495290e-02, 3.0039440819296993e-03,
       -2.3157567265627702e-01 ]
ImageSize: [ 640, 480 ]
ReprojectionError: 1.6866243760669215e+00
