<?xml version="1.0"?>
<opencv_storage>
<rotate type_id="opencv-matrix">
  <rows>3</rows>
  <cols>3</cols>
  <dt>d</dt>
  <data>
    9.9922023234723034e-01 -3.5912353116132362e-02
    -1.6408234567097141e-02 -1.6825137462053212e-02
    -1.1337619072044518e-02 -9.9979416538763621e-01
    3.5718930797683131e-02 9.9929062904014032e-01
    -1.1933008641197437e-02</data></rotate>
<trans type_id="opencv-matrix">
  <rows>3</rows>
  <cols>1</cols>
  <dt>d</dt>
  <data>
    -0.1e+03 1.6334094360993136e+03
    2.2e+03</data></trans>
<rotate_vec type_id="opencv-matrix">
  <rows>3</rows>
  <cols>1</cols>
  <dt>d</dt>
  <data>
    1.5822119129555219e+00 -4.1256990328099631e-02
    1.5106922966556646e-02</data></rotate_vec>
<angle type_id="opencv-matrix">
  <rows>3</rows>
  <cols>1</cols>
  <dt>d</dt>
  <data>
    -9.0683822631835938e+01 9.4016480445861816e-01
    -2.0583460330963135e+00</data></angle>
</opencv_storage>
