<?xml version="1.0"?>
<opencv_storage>
<instrinsic type_id="opencv-matrix">
  <rows>3</rows>
  <cols>3</cols>
  <dt>d</dt>
  <data>
    1.1351738108798224e+03 0. 9.7981326366949884e+02 0.
    1.1415130179452208e+03 6.0280332269495193e+02 0. 0. 1.</data></instrinsic>
<distortcoff type_id="opencv-matrix">
  <rows>1</rows>
  <cols>5</cols>
  <dt>d</dt>
  <data>
    -3.7582435728685026e-01 2.3094564099537448e-01
    2.8403569830302660e-04 -6.7022203233483167e-05
    -9.6877061613066723e-02</data></distortcoff>
</opencv_storage>
