%YAML:1.0
checkerboard:
    pat_row:7
    pat_col:11
    chess_size:20.0 #mm
    paper_width_margin:66.0 #both ends
window_lrf:
    width:1240
    height:960
    line_division_num:10
    judge_margin:30.0 #mm
intrinsic_matrix: !!opencv-matrix
   rows: 3
   cols: 3
   dt: d
   data: [ 1.0526815585362938e+03, 0.,                     2.6849938138667767e+02, 
           0.,                     1.0403057567975313e+03, 2.3913284548103204e+02, 
           0.,                     0.,                     1.                     ]
distrotion_matrix: !!opencv-matrix
   rows: 1
   cols: 5
   dt: d
   data: [-7.0077736038837779e-01, 1.8473881314133764e+00,
          -5.6781078662019886e-03, 1.9686155570160718e-02,
          -8.0596358417184000e+00]
